25 75 125 175 225 275 325 375 425 475 525 575 625 675 725 775 825 865 895 945 1000 1015
30 20 30 60 120 450 700 100 150 180 190 190 160 150 120 100 30 300 500 1200 2000 2500
8 2 0 1 0 0 0 0 0 1 4 1 0 0 0 5 2 1 0 2 0 0
14 19 22 11 14 25 43 46 46 13 13 19 19 14 5 7 2 0 0 1 3 6
4 2 1 1 2 13 4 2 0 6 6 5 4 21 22 7 8 0 0 6 6 5
0 0 9 6 19 0 0 1 2 10 12 9 7 3 7 9 18 16 13 5 0 11
0 0 0 3 8 0 0 0 1 7 9 7 11 7 8 19 3 8 7 17 21 17
24 27 18 27 7 1 3 0 1 11 5 7 7 4 6 2 12 11 26 0 5 2
0 0 0 0 0 9 0 0 0 1 1 2 2 1 1 1 5 14 4 18 14 9
0 0 0 1 0 2 0 1 0 1 0 0 0 0 1 0 0 0 0 1 1 0
